Matriz A
1 8 6 5 6 2 4 5 2 4 
4 5 5 4 8 4 8 1 9 8 
6 6 3 3 8 0 0 0 5 6 
2 0 8 9 8 0 8 3 1 2 
2 5 8 1 1 6 0 5 3 8 
3 4 3 0 0 3 4 2 1 8 
3 5 0 5 9 9 8 9 4 2 
3 1 7 5 1 5 7 4 9 3 
3 9 2 7 4 8 6 0 0 8 
7 3 3 5 3 2 6 3 0 8 

Matriz B
1 8 6 5 6 2 4 5 2 4 
4 5 5 4 8 4 8 1 9 8 
6 6 3 3 8 0 0 0 5 6 
2 0 8 9 8 0 8 3 1 2 
2 5 8 1 1 6 0 5 3 8 
3 4 3 0 0 3 4 2 1 8 
3 5 0 5 9 9 8 9 4 2 
3 1 7 5 1 5 7 4 9 3 
3 9 2 7 4 8 6 0 0 8 
7 3 3 5 3 2 6 3 0 8 

Matriz Iinversa A
-0.27  -0.59  0.52  0.26  -0.26  0.81  0.13  0.26  0.06  -0.48  
0.05  -0.24  0.20  0.05  -0.17  0.37  0.03  0.12  0.06  -0.25  
-0.19  -0.44  0.37  0.31  -0.14  0.71  0.07  0.18  0.05  -0.52  
0.25  0.47  -0.44  -0.30  0.24  -0.97  -0.15  -0.16  -0.00  0.63  
-0.09  -0.02  0.09  0.11  0.00  0.11  0.06  -0.07  -0.01  -0.13  
-0.23  -0.25  0.20  0.16  -0.03  0.35  0.10  0.09  0.10  -0.31  
-0.07  -0.20  0.15  0.15  -0.21  0.51  0.06  0.11  0.02  -0.28  
0.20  0.26  -0.28  -0.20  0.15  -0.48  -0.02  -0.11  -0.12  0.39  
0.13  0.29  -0.19  -0.20  0.10  -0.44  -0.07  -0.03  -0.05  0.26  
0.21  0.60  -0.49  -0.30  0.30  -0.84  -0.14  -0.28  -0.08  0.63  

Matriz Iinversa B
-0.27  -0.59  0.52  0.26  -0.26  0.81  0.13  0.26  0.06  -0.48  
0.05  -0.24  0.20  0.05  -0.17  0.37  0.03  0.12  0.06  -0.25  
-0.19  -0.44  0.37  0.31  -0.14  0.71  0.07  0.18  0.05  -0.52  
0.25  0.47  -0.44  -0.30  0.24  -0.97  -0.15  -0.16  -0.00  0.63  
-0.09  -0.02  0.09  0.11  0.00  0.11  0.06  -0.07  -0.01  -0.13  
-0.23  -0.25  0.20  0.16  -0.03  0.35  0.10  0.09  0.10  -0.31  
-0.07  -0.20  0.15  0.15  -0.21  0.51  0.06  0.11  0.02  -0.28  
0.20  0.26  -0.28  -0.20  0.15  -0.48  -0.02  -0.11  -0.12  0.39  
0.13  0.29  -0.19  -0.20  0.10  -0.44  -0.07  -0.03  -0.05  0.26  
0.21  0.60  -0.49  -0.30  0.30  -0.84  -0.14  -0.28  -0.08  0.63  
