Matriz A y Matriz B:
6 4 5 2 5 3 6 2 2 1 
3 9 3 6 1 1 0 8 3 8 
0 3 7 1 6 5 9 1 7 3 
6 7 2 8 2 7 2 4 2 1 
3 2 1 4 3 3 7 1 4 8 
4 5 3 1 7 6 1 8 6 7 
2 1 0 2 3 8 7 0 3 9 
7 0 5 3 1 9 3 9 2 1 
0 8 5 2 8 3 8 4 7 9 
7 8 1 6 4 4 6 1 1 9 

6 4 5 2 5 3 6 2 2 1 
3 9 3 6 1 1 0 8 3 8 
0 3 7 1 6 5 9 1 7 3 
6 7 2 8 2 7 2 4 2 1 
3 2 1 4 3 3 7 1 4 8 
4 5 3 1 7 6 1 8 6 7 
2 1 0 2 3 8 7 0 3 9 
7 0 5 3 1 9 3 9 2 1 
0 8 5 2 8 3 8 4 7 9 
7 8 1 6 4 4 6 1 1 9 

Multiplicacion de las Matrices:
120 144 116 108 144 170 193 113 138 199 
200 239 142 194 128 197 161 206 121 212 
99 181 124 115 196 207 252 121 195 301 
178 214 135 161 150 201 139 205 142 190 
146 185 81 139 147 180 191 99 116 243 
197 226 160 163 195 222 229 213 178 286 
145 180 68 120 161 179 172 108 122 263 
175 138 160 99 175 239 179 194 155 159 
179 268 144 200 207 246 286 182 203 386 
212 259 113 202 164 208 202 161 133 285 
