Matriz A y Matriz B:
2 5 9 7 1 6 4 9 0 9 
1 5 2 8 7 1 2 1 2 1 
2 2 0 7 3 6 8 5 4 8 
5 8 1 7 2 2 6 1 3 4 
3 8 1 7 6 5 7 3 8 7 
4 5 7 9 0 5 6 2 8 5 
1 2 8 2 9 4 4 4 7 3 
6 6 8 9 0 1 4 4 9 9 
2 7 0 2 0 9 6 7 9 6 
6 3 4 7 0 7 0 4 1 8 

2 5 9 7 1 6 4 9 0 9 
1 5 2 8 7 1 2 1 2 1 
2 2 0 7 3 6 8 5 4 8 
5 8 1 7 2 2 6 1 3 4 
3 8 1 7 6 5 7 3 8 7 
4 5 7 9 0 5 6 2 8 5 
1 2 8 2 9 4 4 4 7 3 
6 6 8 9 0 1 4 4 9 9 
2 7 0 2 0 9 6 7 9 6 
6 3 4 7 0 7 0 4 1 8 

Resta de las Matrices:
0 0 0 0 0 0 0 0 0 0 
0 0 0 0 0 0 0 0 0 0 
0 0 0 0 0 0 0 0 0 0 
0 0 0 0 0 0 0 0 0 0 
0 0 0 0 0 0 0 0 0 0 
0 0 0 0 0 0 0 0 0 0 
0 0 0 0 0 0 0 0 0 0 
0 0 0 0 0 0 0 0 0 0 
0 0 0 0 0 0 0 0 0 0 
0 0 0 0 0 0 0 0 0 0 
