Matriz A y Matriz B:
8 0 0 0 0 4 1 4 8 2 
2 1 4 6 4 6 8 6 6 1 
9 5 6 6 5 9 1 5 2 9 
1 1 7 0 6 5 3 1 0 5 
1 0 6 2 5 6 0 7 9 8 
5 3 8 9 1 1 9 7 1 5 
2 6 8 6 3 7 5 5 8 6 
4 0 8 9 9 7 8 8 7 9 
7 8 7 8 8 2 3 3 1 4 
6 7 7 6 1 5 9 7 0 5 

8 0 0 0 0 4 1 4 8 2 
2 1 4 6 4 6 8 6 6 1 
9 5 6 6 5 9 1 5 2 9 
1 1 7 0 6 5 3 1 0 5 
1 0 6 2 5 6 0 7 9 8 
5 3 8 9 1 1 9 7 1 5 
2 6 8 6 3 7 5 5 8 6 
4 0 8 9 9 7 8 8 7 9 
7 8 7 8 8 2 3 3 1 4 
6 7 7 6 1 5 9 7 0 5 

Suma de las Matrices:
16 0 0 0 0 8 2 8 16 4 
4 2 8 12 8 12 16 12 12 2 
18 10 12 12 10 18 2 10 4 18 
2 2 14 0 12 10 6 2 0 10 
2 0 12 4 10 12 0 14 18 16 
10 6 16 18 2 2 18 14 2 10 
4 12 16 12 6 14 10 10 16 12 
8 0 16 18 18 14 16 16 14 18 
14 16 14 16 16 4 6 6 2 8 
12 14 14 12 2 10 18 14 0 10 
