Matriz A
9 4 9 7 0 0 1 4 5 1 
5 3 4 3 3 1 0 4 4 4 
5 6 2 8 1 4 9 8 0 0 
7 6 3 9 4 3 8 5 3 0 
4 5 1 3 7 2 6 1 1 0 
2 5 6 5 6 6 5 6 6 0 
1 0 1 2 9 2 9 4 1 5 
5 1 2 9 1 7 4 5 4 5 
6 1 2 2 6 8 1 4 4 3 
7 6 9 5 6 1 1 8 0 0 

Matriz B
9 4 9 7 0 0 1 4 5 1 
5 3 4 3 3 1 0 4 4 4 
5 6 2 8 1 4 9 8 0 0 
7 6 3 9 4 3 8 5 3 0 
4 5 1 3 7 2 6 1 1 0 
2 5 6 5 6 6 5 6 6 0 
1 0 1 2 9 2 9 4 1 5 
5 1 2 9 1 7 4 5 4 5 
6 1 2 2 6 8 1 4 4 3 
7 6 9 5 6 1 1 8 0 0 

Matriz Transpuesta A
9 5 5 7 4 2 1 5 6 7 
4 3 6 6 5 5 0 1 1 6 
9 4 2 3 1 6 1 2 2 9 
7 3 8 9 3 5 2 9 2 5 
0 3 1 4 7 6 9 1 6 6 
0 1 4 3 2 6 2 7 8 1 
1 0 9 8 6 5 9 4 1 1 
4 4 8 5 1 6 4 5 4 8 
5 4 0 3 1 6 1 4 4 0 
1 4 0 0 0 0 5 5 3 0 

Matriz Transpuesta B
9 5 5 7 4 2 1 5 6 7 
4 3 6 6 5 5 0 1 1 6 
9 4 2 3 1 6 1 2 2 9 
7 3 8 9 3 5 2 9 2 5 
0 3 1 4 7 6 9 1 6 6 
0 1 4 3 2 6 2 7 8 1 
1 0 9 8 6 5 9 4 1 1 
4 4 8 5 1 6 4 5 4 8 
5 4 0 3 1 6 1 4 4 0 
1 4 0 0 0 0 5 5 3 0 
